Polynom p: [17 59 76  1 16 51 24 40 74 79 85  1 74 93 25 88 95 54 54 56 51 48 25 55
 31]
Polynom q: [71 21 89 58 77 88 36 61 85 48 28 49 10 73  9 51 80 99 46 90 87 65  9 32
 75]
Polynomial multiplication with numpy: [ 1207  4546  8148  7904 12652 14493 15913 18737 20288 27953 33341 27401
 37212 39361 39178 47977 46544 58534 63271 57542 65097 72020 64696 69537
 66499 73994 72164 58782 63703 65615 53874 53586 57343 53292 47881 40348
 46702 39798 30976 33762 30811 21622 17972 15464 11858  6910  3914  5117
  2325]
Polynomial multipilication with Fourier: [ 1207.  4546.  8148.  7904. 12652. 14493. 15913. 18737. 20288. 27953.
 33341. 27401. 37212. 39361. 39178. 47977. 46544. 58534. 63271. 57542.
 65097. 72020. 64696. 69537. 66499. 73994. 72164. 58782. 63703. 65615.
 53874. 53586. 57343. 53292. 47881. 40348. 46702. 39798. 30976. 33762.
 30811. 21622. 17972. 15464. 11858.  6910.  3914.  5117.  2325.]
Polynomial multiplication with direct method: [ 1207.  4546.  8148.  7904. 12652. 14493. 15913. 18737. 20288. 27953.
 33341. 27401. 37212. 39361. 39178. 47977. 46544. 58534. 63271. 57542.
 65097. 72020. 64696. 69537. 66499. 73994. 72164. 58782. 63703. 65615.
 53874. 53586. 57343. 53292. 47881. 40348. 46702. 39798. 30976. 33762.
 30811. 21622. 17972. 15464. 11858.  6910.  3914.  5117.  2325.]
